5,GO,200
0,Mediterranean Ave,1,60,30,2,10,30,90,160,250,0,50,50,1
2,COMMUNITY CHEST,2
0,Baltic Ave,3,60,30,4,20,60,180,320,450,0,50,50,1
2,Income Tax,4
1,Reading RailRoad,5,200,25,50,100,200,100,10
0,Oriental Ave,6,100,50,6,30,90,270,400,550,0,50,50,2
2,CHANCE,7
0,Vermont Ave Road,8,100,50,6,30,90,270,400,550,0,50,50,2
0,Connecticut Ave,9,120,60,8,40,100,300,450,600,0,50,50,2
6,JAIL
0,St. Charles Place,11,140,70,10,50,150,450,625,750,0,100,100,3
3,Electric Company (HEY YOU GUYS!),12,150,75,9
0,States Ave,13,140,70,10,50,150,450,625,750,0,100,100,3
0,Virgina Ave,14,160,80,12,60,180,500,700,900,0,100,100,3
1,Pennsylvania Railroad,15,200,25,50,100,200,100,10
0,St. James Place,16,180,90,14,70,200,550,750,950,0,100,100,4
2,COMMUNITY CHEST,17
0,Tennessee Ave,18,180,90,14,0,200,550,750,950,0,100,100,4
0,New York Ave,19,200,100,16,80,220,600,800,1000,0,100,100,4
4,FREE PARKING
0,Kentucky Ave,21,220,110,18,90,250,700,875,1050,0,150,150,5
2,CHANCE,22
0,Indiana Ave,23,220,110,18,90,250,700,875,1050,0,150,150,5
0,Illinois Ave,24,240,120,20,100,300,750,925,1100,0,150,150,5
1,B & O Railroad,25,200,25,50,100,200,100,10
0,Atlantic Ave,26,260,130,22,110,330,800,975,1150,0,150,150,6
0,Ventnor Ave,27,260,130,22,110,330,800,975,1150,0,150,150,6
3,Water Works,28,150,75,9
0,Marvin Ave,29,280,140,22,120,360,850,1025,1200,0,150,150,6
7,GO TO JAIL
0,Pacific Ave,31,300,150,26,130,390,900,1100,1275,0,200,200,7
0,North Carolina Ave,32,300,150,26,130,390,900,1100,1275,0,200,200,7
2,COMMUNITY CHEST,33
0,Pennsylvania Ave,34,320,160,28,150,450,1000,1200,1400,0,200,200,7
1,Short Line,35,200,25,50,100,200,100,10
2,CHANCE,36
0,Park Place,37,350,175,35,175,500,1100,1300,1500,0,200,200,8
2,Super Tax,38
0,Parrot Town,39,400,200,50,200,600,1400,1700,2000,0,200,200,8